Theme:
  Name: Default
  FilePath: assets/settings/themes/blue.theme
Colors:
  Primary: [0.225999996, 0.721000016, 0.754999995, 1]
  PrimaryLight: [0.116999999, 0.816999972, 0.869000018, 1]
  PrimaryDark: [0.217999995, 0.523999989, 0.549000025, 1]
  Secondary: [0.959999979, 0.379999995, 0, 1]
  White: [0.980000019, 1, 1, 1]
  Dark: [0.150000006, 0.166999996, 0.189999998, 1]
  Medium: [0.166999996, 0.196999997, 0.236000001, 1]
  Light: [0.289000005, 0.321999997, 0.358999997, 1]
  WindowBg: [0.135000005, 0.131999999, 0.138999999, 1]